         244           1    8.03110882E-08         26.766732
         245           1    8.74580574E-17         95.285332
         246           1    1.81577240E-01        720.520203
           2         247    4.81385496E-04        155.736866
           3         247    4.08236221E-01        712.955445
           2         248    2.32221568E-20          3.207347
           3         248    5.77061188E-13        560.425925
         249           2    1.90486433E-04        127.251048
           3         249    2.40291088E-01        429.967531
         250           2    1.86879922E-01        587.207788
         250           3    3.33241845E-06         29.989209
           2         246    2.29698433E-01       1755.887753
           4         249    2.95644288E+01       1880.147834
           4         250    7.82560304E-01       1420.191094
           5         250    2.14368200E-11       1907.720764
           1         243    1.19153125E+02       2457.049444
           2         244    2.46647992E+02       2449.641224
           2         245    7.13410480E-11       2381.122624
           3         245    7.97162738E-12       2938.341203
           3         246    1.17886420E+02       2313.106332
         247           1    2.25125156E+01       2320.671090
           4         247    1.18733874E+02       2163.135748
           5         247    2.50977305E-10       2650.665418
         248           1    1.23186065E-11       2473.200609
           4         248    2.37905144E-11       2010.606228
           5         248    4.68190605E+02       2498.135899
           6         248    1.43775859E-10       2876.043949
         249           1    1.00948261E+02       2603.659004
           5         249    7.34925415E-11       2367.677504
           6         249    4.51719503E+00       2745.585554
           6         250    2.26445293E+02       2285.628814
           7         250    2.75445340E+01       2904.458527
           3         244    1.75999158E+01       3006.859802
           4         246    4.71460972E-01       3763.286635
           6         247    2.10378087E+01       3028.573468
           7         247    6.77284358E-01       3647.403181
           7         248    1.39804521E-10       3494.873662
           7         249    1.12787577E+00       3364.415267
           8         249    1.49627616E+01       3986.577408
         250           1    8.15207617E+00       3063.615744
           8         250    8.38083422E+00       3526.620668
           2         243    1.49469216E+02       4933.457400
           4         244    1.48819511E+02       4457.040105
           5         244    6.28620857E-11       4944.569776
           4         245    3.37281715E-11       4388.521506
           5         245    5.04684982E+02       4876.051176
           5         246    6.22210097E-11       4250.816305
           6         246    1.23811841E+02       4628.724356
           8         247    2.56248109E+02       4269.565322
           8         248    1.50694277E-10       4117.035802
           3         243    5.77464995E-01       5490.675979
           6         244    4.17861093E-01       5322.477826
           7         244    3.22617390E+00       5941.307539
           6         245    3.09359811E-10       5253.959226
           7         245    9.03228275E-11       5872.788939
           7         246    1.21545842E-01       5247.554068
           8         246    2.19646832E+00       5869.716209
           4         243    1.64925038E+01       6940.856282
           8         244    4.19391337E+01       6563.469679
           8         245    1.16184398E-11       6494.951080
           5         243    1.59350223E-11       7428.385952
           6         243    1.44508635E+01       7806.294002
           7         243    1.63615119E+00       8425.123715
           8         243    6.56852596E+00       9047.285856
